
CAM(0,25,5)
OPT(1,3)
OPT(4,30) ->40degs
LGT(0,100,50,7000)

Back wall  PLN(0,0,1,0,5)
Far wall   PLN(0,0,1,100,1)
Left wall  PLN(1,0,0,-40,1)
Right wall PLN(1,0,0,40,1)
Celing     PLN(0,1,0,50,2)
Floor      PLN(0,1,0,0,4)

Mirror
PNT(1,20,35,98)
PNT(2,20,15,98)
PNT(3,-20,15,98)
PNT(4,-20,35,98)
S QR(1,2,3,4,3)

PNT(5,10,30,99)
PNT(6,10,20,99)
PNT(7,-10,20,99)
PNT(8,-10,30,99)
PNT(9,0.1,25,99.5)

SQR(1,2,6,5,1,3)
SQR(2,3,7,6,1,3)
SQR(3,4,8,7,1,3)
SQR(4,1,5,8,1,3)
TRI(5,6,9,1,3)
TRI(6,7,9,1,3)
TRI(7,8,9,1,3)
TRI(5,8,9,1,3)
