
OPT(1,1)
CAM(15,80,-160,-0.464,-0.1)
Base
PNT(1,20,0,-40)
PNT(2,20,0,40)
PNT(3,-20,0,40)
PNT(4,-20,0,-40)
Sides
PNT(5,20,3,-40)
PNT(6,20,3,40)
PNT(7,-20,3,40)
PNT(8,-20,3,-40)
Top
PNT(9,23,3,-43)
PNT(10,23,3,43)
PNT(11,-23,3,43)
PNT(12,-23,3,-43)
Outerbase
PNT(13,23,0,-43)
PNT(14,23,0,43)
PNT(15,-23,0,43)
PNT(16,-23,0,-43)

LGT(0,100,20,6000)
LGT(0,100,-20,6000)
LGT(0,70,-60,6000)
BaseSQR(1,2,3,4,3)
SidesSQR(1,2,6,5,3)
SidesS QR(1,5,4,8,3)
SidesSQR(2,6,7,3,3)
SidesSQR(4,3,7,8,3)
TopSQR(5,9,10,6,1)
TopSQR(6,10,11,7,1)
TopSQR(7,8,12,11,1)
TopSQR(8,12,9,5,1)
outersidelowerSQR(12,9,13,16,1)
outersidelrightS QR(9,13,14,10,1)

Balls
SPH(5,1.5,20,1.5,4)
SPH(-15,1.5,-25,1.5,5)
SPH(5,1.5,-30,1.5,1)
SPH(-10,1.5,-5,1.5,2)
